4.99
5.92
7.76
1.62
12.15
3.65
11.57
15.51
5.66
4.16
7.04
17.49
16.27
17.43
7.79
6.16
19.88
10.55
18.06
2.12
4.76
18.66
2.53
11.00
4.74
17.90
9.96
5.28
16.50
6.05
13.58
15.26
9.02
6.57
1.71
9.89
3.48
1.50
1.46
18.27
11.61
8.98
8.69
12.06
10.56
10.90
7.44
19.83
2.61
6.49
11.85
13.69
17.69
17.23
13.82
19.00
6.80
18.91
9.35
7.59
4.71
6.35
6.90
5.42
9.67
6.44
10.70
14.98
18.64
5.15
2.31
3.20
5.91
4.09
13.40
15.62
3.37
12.27
12.96
7.16
10.47
8.68
2.08
10.39
12.02
1.32
19.37
11.72
12.04
18.28
10.15
16.33
1.62
16.55
2.61
12.22
9.08
4.12
3.93
14.26
10.44
1.06
19.65
18.72
8.35
15.13
9.28
8.84
17.71
17.56
1.29
2.35
5.88
14.79
0.76
1.14
5.90
1.47
12.53
14.16
10.54
10.68
13.29
13.74
5.53
6.72
15.46
16.38
10.02
16.35
